No	Tree1	Tree2	Tree1_taxa	Tree2_taxa	Common_taxa	Triples	Triples_toYuleAvg	Triples_toUnifAvg	RFCluster(0.5)	RFCluster(0.5)_toYuleAvg	RFCluster(0.5)_toUnifAvg	MatchingPair	MatchingPair_toYuleAvg	MatchingPair_toUnifAvg	NodalSplittedWeighted	NodalSplittedWeighted_toYuleAvg	NodalSplittedWeighted_toUnifAvg	MatchingCluster	MatchingCluster_toYuleAvg	MatchingCluster_toUnifAvg	MAST	MAST_toYuleAvg	MAST_toUnifAvg	CopheneticL2Metric	CopheneticL2Metric_toYuleAvg	CopheneticL2Metric_toUnifAvg	Quartet	Quartet_toYuleAvg	Quartet_toUnifAvg	PathDiffernce	PathDiffernce_toYuleAvg	PathDiffernce_toUnifAvg
1	1	2	634	581	581	13318459.0000	0.6147	0.6148	566.0000	0.9779	0.9778	139602.0000	0.9658	0.9760	495.8479	N/A	N/A	22161.0000	2.3531	0.9216	535.0000	0.9830	0.9771	10663.7323	4.6447	1.1042	2383586311.0000	0.7610	0.7610	9381.4828	3.2773	0.7550
2	1	3	634	581	581	13698404.0000	0.6322	0.6323	570.0000	0.9848	0.9847	153913.0000	1.0648	1.0761	3905.6474	N/A	N/A	107791.0000	11.4455	4.4825	547.0000	1.0050	0.9990	66851.1232	29.1180	6.9221	2393174806.0000	0.7640	0.7641	49609.9349	17.3304	3.9926
3	1	4	634	581	581	13763332.0000	0.6352	0.6353	572.0000	0.9883	0.9881	137847.0000	0.9537	0.9638	338.3674	N/A	N/A	11426.0000	1.2132	0.4752	531.0000	0.9756	0.9698	3548.4960	1.5456	0.3674	2435205089.0000	0.7775	0.7775	4378.4278	1.5295	0.3524
4	1	5	634	581	581	13738530.0000	0.6341	0.6342	566.0000	0.9779	0.9778	132409.0000	0.9161	0.9257	155.2189	N/A	N/A	9679.0000	1.0277	0.4025	534.0000	0.9811	0.9753	2021.3891	0.8804	0.2093	2417538328.0000	0.7718	0.7718	4548.5771	1.5890	0.3661
5	1	6	634	581	581	18698995.0000	0.8630	0.8632	569.0000	0.9831	0.9829	123785.0000	0.8564	0.8655	6564.9667	N/A	N/A	9993.0000	1.0611	0.4156	532.0000	0.9775	0.9716	2615.3594	1.1392	0.2708	2669344883.0000	0.8522	0.8522	4761.5256	1.6634	0.3832
6	1	7	634	581	581	13641591.0000	0.6296	0.6297	571.0000	0.9865	0.9864	134458.0000	0.9302	0.9401	198.6866	N/A	N/A	17892.0000	1.8998	0.7440	529.0000	0.9720	0.9662	8081.8219	3.5202	0.8368	2409946851.0000	0.7694	0.7694	5683.0457	1.9853	0.4574
7	2	3	581	581	581	3186488.0000	0.1471	0.1471	567.0000	0.9796	0.9795	129967.0000	0.8992	0.9087	3458.4828	N/A	N/A	90138.0000	9.5710	3.7484	504.0000	0.9260	0.9205	56460.1920	24.5921	5.8462	662675624.0000	0.2116	0.2116	42222.7653	14.7499	3.3981
8	2	4	581	581	581	3582701.0000	0.1654	0.1654	545.0000	0.9416	0.9415	76582.0000	0.5298	0.5354	265.7458	N/A	N/A	16407.0000	1.7421	0.6823	459.0000	0.8433	0.8383	7753.2456	3.3770	0.8028	806242944.0000	0.2574	0.2574	9900.8097	3.4587	0.7968
9	2	5	581	581	581	3886652.0000	0.1794	0.1794	543.0000	0.9382	0.9380	86386.0000	0.5977	0.6040	398.9498	N/A	N/A	19396.0000	2.0595	0.8066	465.0000	0.8544	0.8493	9616.8696	4.1888	0.9958	779474822.0000	0.2489	0.2489	10912.4988	3.8121	0.8782
10	2	6	581	581	581	17326274.0000	0.7997	0.7998	559.0000	0.9658	0.9657	130087.0000	0.9000	0.9095	6213.7485	N/A	N/A	22906.0000	2.4322	0.9525	533.0000	0.9793	0.9735	12390.9795	5.3971	1.2830	1811051353.0000	0.5782	0.5782	10988.7950	3.8388	0.8844
11	2	7	581	581	581	3488119.0000	0.1610	0.1610	566.0000	0.9779	0.9778	79603.0000	0.5507	0.5565	366.4094	N/A	N/A	10233.0000	1.0866	0.4255	482.0000	0.8856	0.8803	3460.6694	1.5073	0.3583	705008680.0000	0.2251	0.2251	6723.3047	2.3487	0.5411
12	3	4	581	581	581	3844138.0000	0.1774	0.1774	558.0000	0.9641	0.9639	141996.0000	0.9824	0.9928	3631.4297	N/A	N/A	104141.0000	11.0579	4.3307	511.0000	0.9389	0.9333	63952.1221	27.8553	6.6219	939235150.0000	0.2999	0.2999	50512.4055	17.6457	4.0652
13	3	5	581	581	581	3925687.0000	0.1812	0.1812	557.0000	0.9623	0.9622	146342.0000	1.0125	1.0232	3804.4894	N/A	N/A	107540.0000	11.4188	4.4721	528.0000	0.9701	0.9643	65879.0038	28.6946	6.8215	865581693.0000	0.2763	0.2763	51607.6813	18.0283	4.1533
14	3	6	581	581	581	18509170.0000	0.8543	0.8544	565.0000	0.9762	0.9760	157639.0000	1.0906	1.1021	4734.4413	N/A	N/A	111058.0000	11.7924	4.6184	555.0000	1.0197	1.0136	68666.1159	29.9086	7.1100	2035445478.0000	0.6498	0.6498	51915.9218	18.1360	4.1782
15	3	7	581	581	581	3788013.0000	0.1748	0.1749	568.0000	0.9814	0.9812	137359.0000	0.9503	0.9604	3750.3053	N/A	N/A	95203.0000	10.1088	3.9590	523.0000	0.9609	0.9552	59178.6870	25.7762	6.1277	792613439.0000	0.2530	0.2531	46220.3556	16.1464	3.7198
16	4	5	581	581	581	2911854.0000	0.1344	0.1344	494.0000	0.8535	0.8534	58552.0000	0.4051	0.4094	212.5580	N/A	N/A	5597.0000	0.5943	0.2328	431.0000	0.7919	0.7872	2100.8822	0.9151	0.2175	756202024.0000	0.2414	0.2414	2599.6723	0.9082	0.2092
17	4	6	581	581	581	16289709.0000	0.7518	0.7519	560.0000	0.9675	0.9674	117097.0000	0.8101	0.8187	6364.6043	N/A	N/A	9881.0000	1.0492	0.4109	509.0000	0.9352	0.9296	4907.6987	2.1376	0.5082	1718059690.0000	0.5485	0.5485	2675.1333	0.9345	0.2153
18	4	7	581	581	581	3978266.0000	0.1836	0.1836	564.0000	0.9744	0.9743	90938.0000	0.6291	0.6358	204.2756	N/A	N/A	11986.0000	1.2727	0.4984	480.0000	0.8819	0.8767	4971.3836	2.1654	0.5148	866651779.0000	0.2767	0.2767	6013.0232	2.1006	0.4839
19	5	6	581	581	581	16047992.0000	0.7407	0.7408	567.0000	0.9796	0.9795	117658.0000	0.8140	0.8226	6492.0982	N/A	N/A	7032.0000	0.7467	0.2924	512.0000	0.9407	0.9351	2943.5596	1.2821	0.3048	1660063374.0000	0.5300	0.5300	2053.2930	0.7173	0.1652
20	5	7	581	581	581	3645502.0000	0.1683	0.1683	568.0000	0.9814	0.9812	77428.0000	0.5357	0.5413	109.1652	N/A	N/A	14889.0000	1.5809	0.6192	465.0000	0.8544	0.8493	6898.6462	3.0048	0.7143	739239246.0000	0.2360	0.2360	6732.1031	2.3518	0.5418
21	6	7	581	581	581	16103161.0000	0.7432	0.7433	545.0000	0.9416	0.9415	110753.0000	0.7662	0.7743	6461.0327	N/A	N/A	18091.0000	1.9209	0.7523	519.0000	0.9536	0.9479	9700.1299	4.2250	1.0044	1568024723.0000	0.5006	0.5006	7035.1195	2.4576	0.5662
---------
Summary:
Name	Avg	Std	Min	Max	Count
Triples	9874906.523809524	6127801.330857131	2911854.0	1.8698995E7	21
RFCluster(0.5)	559.047619047619	16.77718459403977	494.0	572.0	21
MatchingPair	118114.33333333333	27972.395764282537	58552.0	157639.0	21
NodalSplittedWeighted	2767.927189158892	2558.4892374905194	109.16515483494729	6564.96665690034	21
MatchingCluster	39211.42857142857	40558.2204509722	5597.0	111058.0	21
MAST	508.76190476190476	32.04892801402376	431.0	555.0	21
CopheneticL2Metric	22507.7193835541	26176.661942212904	2021.3891263188293	68666.11589423126	21
Quartet	1.495922204142857E9	7.249067501148705E8	6.62675624E8	2.669344883E9	21
PathDiffernce	18403.613133556224	19386.79346781541	2053.292964971146	51915.92177742778	21
