No	RefTree	Tree	RefTree_taxa	Tree_taxa	Common_taxa	Triples	Triples_toYuleAvg	Triples_toUnifAvg	RFCluster(0.5)	RFCluster(0.5)_toYuleAvg	RFCluster(0.5)_toUnifAvg	MatchingPair	MatchingPair_toYuleAvg	MatchingPair_toUnifAvg	NodalSplittedWeighted	NodalSplittedWeighted_toYuleAvg	NodalSplittedWeighted_toUnifAvg	MatchingCluster	MatchingCluster_toYuleAvg	MatchingCluster_toUnifAvg	MAST	MAST_toYuleAvg	MAST_toUnifAvg	CopheneticL2Metric	CopheneticL2Metric_toYuleAvg	CopheneticL2Metric_toUnifAvg	Quartet	Quartet_toYuleAvg	Quartet_toUnifAvg	PathDiffernce	PathDiffernce_toYuleAvg	PathDiffernce_toUnifAvg
1	1	1	9	634	9	45.0000	0.8047	0.8094	7.0000	1.0503	1.0377	22.0000	1.0378	1.0516	16.4562	N/A	N/A	16.0000	0.7786	0.7498	4.0000	0.8722	0.8584	10.9545	0.7843	0.7565	84.0000	0.9935	0.9994	11.3137	0.9111	0.8622
2	1	2	9	581	9	51.0000	0.9120	0.9173	7.0000	1.0503	1.0377	20.0000	0.9434	0.9560	16.2244	N/A	N/A	16.0000	0.7786	0.7498	4.0000	0.8722	0.8584	10.2956	0.7371	0.7110	80.0000	0.9462	0.9518	10.9545	0.8822	0.8348
3	1	3	9	581	9	60.0000	1.0730	1.0792	7.0000	1.0503	1.0377	25.0000	1.1793	1.1950	15.4506	N/A	N/A	20.0000	0.9732	0.9372	4.0000	0.8722	0.8584	10.9545	0.7843	0.7565	104.0000	1.2300	1.2374	11.4891	0.9253	0.8756
4	1	4	9	581	9	47.0000	0.8405	0.8454	7.0000	1.0503	1.0377	21.0000	0.9906	1.0038	15.7620	N/A	N/A	16.0000	0.7786	0.7498	4.0000	0.8722	0.8584	9.0554	0.6483	0.6253	65.0000	0.7688	0.7734	9.5917	0.7725	0.7310
5	1	5	9	581	9	37.0000	0.6617	0.6655	7.0000	1.0503	1.0377	17.0000	0.8019	0.8126	16.2302	N/A	N/A	14.0000	0.6813	0.6560	4.0000	0.8722	0.8584	10.6771	0.7644	0.7373	82.0000	0.9698	0.9756	10.4881	0.8446	0.7993
6	1	6	9	581	9	46.0000	0.8226	0.8274	5.0000	0.7502	0.7412	20.0000	0.9434	0.9560	9.2330	N/A	N/A	15.0000	0.7299	0.7029	4.0000	0.8722	0.8584	9.9499	0.7124	0.6871	62.0000	0.7333	0.7377	8.1240	0.6543	0.6191
7	1	7	9	581	9	0.0000	0.0000	0.0000	0.0000	0.0000	0.0000	0.0000	0.0000	0.0000	16.3211	N/A	N/A	0.0000	0.0000	0.0000	0.0000	0.0000	0.0000	0.0000	0.0000	0.0000	0.0000	0.0000	0.0000	0.0000	0.0000	0.0000
---------
Summary:
Name	Avg	Std	Min	Max	Count
Triples	40.857142857142854	17.867996701433807	0.0	60.0	7
RFCluster(0.5)	5.714285714285714	2.4327694808466283	0.0	7.0	7
MatchingPair	17.857142857142858	7.623808036643617	0.0	25.0	7
NodalSplittedWeighted	15.096788827043905	2.4158639777513686	9.233002702426269	16.456191759015724	7
MatchingCluster	13.857142857142858	5.914354726995556	0.0	20.0	7
MAST	3.4285714285714284	1.3997084244475304	0.0	4.0	7
CopheneticL2Metric	8.840981457489798	3.661758517399821	0.0	10.954451150103322	7
Quartet	68.14285714285714	30.614789009928668	0.0	104.0	7
PathDiffernce	8.851582125018151	3.771063836039868	0.0	11.489125293076057	7
