No	Tree1	Tree2	Tree1_taxa	Tree2_taxa	Common_taxa	Triples	Triples_toYuleAvg	Triples_toUnifAvg	RFCluster(0.5)	RFCluster(0.5)_toYuleAvg	RFCluster(0.5)_toUnifAvg	MatchingPair	MatchingPair_toYuleAvg	MatchingPair_toUnifAvg	NodalSplittedWeighted	NodalSplittedWeighted_toYuleAvg	NodalSplittedWeighted_toUnifAvg	MatchingCluster	MatchingCluster_toYuleAvg	MatchingCluster_toUnifAvg	MAST	MAST_toYuleAvg	MAST_toUnifAvg	CopheneticL2Metric	CopheneticL2Metric_toYuleAvg	CopheneticL2Metric_toUnifAvg	Quartet	Quartet_toYuleAvg	Quartet_toUnifAvg	PathDiffernce	PathDiffernce_toYuleAvg	PathDiffernce_toUnifAvg
1	1	2	632	579	579	13485061.0000	0.6288	0.6282	560.0000	0.9709	0.9707	133917.0000	0.9326	0.9418	489.3044	N/A	N/A	22032.0000	2.3478	0.9125	532.0000	0.9811	0.9751	10586.0590	4.5270	1.1147	2409361339.0000	0.7798	0.7798	9280.0290	3.2416	0.7652
2	1	3	632	579	579	13858580.0000	0.6462	0.6456	564.0000	0.9779	0.9777	151700.0000	1.0564	1.0669	3246.1203	N/A	N/A	108556.0000	11.5681	4.4961	543.0000	1.0014	0.9953	67168.9698	28.7242	7.0726	2418944834.0000	0.7829	0.7829	52117.6364	18.2053	4.2973
3	1	4	632	579	579	13965312.0000	0.6512	0.6506	566.0000	0.9813	0.9811	137253.0000	0.9558	0.9653	337.1850	N/A	N/A	11567.0000	1.2326	0.4791	532.0000	0.9811	0.9751	3610.5432	1.5440	0.3802	2456108204.0000	0.7949	0.7949	4389.4141	1.5333	0.3619
4	1	5	632	579	579	13975398.0000	0.6516	0.6510	566.0000	0.9813	0.9811	132044.0000	0.9196	0.9286	154.2784	N/A	N/A	9818.0000	1.0462	0.4066	534.0000	0.9848	0.9788	2055.2219	0.8789	0.2164	2443249418.0000	0.7907	0.7908	4602.6957	1.6078	0.3795
5	1	6	632	579	579	15954899.0000	0.7439	0.7432	564.0000	0.9779	0.9777	113367.0000	0.7895	0.7973	6406.4618	N/A	N/A	10313.0000	1.0990	0.4271	527.0000	0.9718	0.9659	2555.1164	1.0927	0.2690	2639115843.0000	0.8541	0.8542	4788.9084	1.6728	0.3949
6	1	7	632	579	579	13895365.0000	0.6479	0.6473	569.0000	0.9865	0.9863	129997.0000	0.9053	0.9142	197.2633	N/A	N/A	17811.0000	1.8980	0.7377	532.0000	0.9811	0.9751	7943.2576	3.3969	0.8364	2442805768.0000	0.7906	0.7906	5737.8332	2.0043	0.4731
7	2	3	579	579	579	3307785.0000	0.1542	0.1541	556.0000	0.9640	0.9638	129714.0000	0.9033	0.9123	2807.6268	N/A	N/A	91004.0000	9.6977	3.7692	488.0000	0.8999	0.8945	56899.8256	24.3327	5.9913	659969227.0000	0.2136	0.2136	44853.1918	15.6677	3.6983
8	2	4	579	579	579	3534361.0000	0.1648	0.1646	540.0000	0.9362	0.9361	73483.0000	0.5117	0.5168	254.6870	N/A	N/A	16159.0000	1.7220	0.6693	455.0000	0.8391	0.8340	7577.9802	3.2407	0.7979	802334699.0000	0.2597	0.2597	9696.1423	3.3870	0.7995
9	2	5	579	579	579	3974433.0000	0.1853	0.1851	543.0000	0.9414	0.9413	82021.0000	0.5712	0.5768	395.3759	N/A	N/A	19176.0000	2.0435	0.7942	458.0000	0.8446	0.8395	9460.3402	4.0456	0.9961	791342854.0000	0.2561	0.2561	10845.2546	3.7884	0.8942
10	2	6	579	579	579	12304026.0000	0.5737	0.5732	554.0000	0.9605	0.9603	128580.0000	0.8954	0.9043	6045.4932	N/A	N/A	23035.0000	2.4547	0.9541	525.0000	0.9682	0.9623	12284.7712	5.2535	1.2935	1734956730.0000	0.5615	0.5615	10982.6706	3.8364	0.9056
11	2	7	579	579	579	3880020.0000	0.1809	0.1807	563.0000	0.9761	0.9759	84624.0000	0.5893	0.5951	360.2969	N/A	N/A	10331.0000	1.1009	0.4279	479.0000	0.8833	0.8780	3527.2420	1.5084	0.3714	767994414.0000	0.2486	0.2486	6862.5255	2.3972	0.5658
12	3	4	579	579	579	3693094.0000	0.1722	0.1720	557.0000	0.9657	0.9655	139717.0000	0.9730	0.9826	2975.2280	N/A	N/A	104763.0000	11.1639	4.3390	508.0000	0.9368	0.9311	64210.9411	27.4592	6.7611	902805151.0000	0.2922	0.2922	52936.8979	18.4914	4.3648
13	3	5	579	579	579	3790904.0000	0.1768	0.1766	555.0000	0.9623	0.9621	145392.0000	1.0125	1.0225	3146.6873	N/A	N/A	108282.0000	11.5389	4.4848	522.0000	0.9626	0.9568	66134.4423	28.2818	6.9637	826848272.0000	0.2676	0.2676	54117.6006	18.9039	4.4622
14	3	6	579	579	579	13541957.0000	0.6314	0.6308	562.0000	0.9744	0.9742	153093.0000	1.0661	1.0767	4519.1773	N/A	N/A	112129.0000	11.9488	4.6441	549.0000	1.0124	1.0063	68940.1073	29.4816	7.2591	1957377582.0000	0.6335	0.6335	54427.2400	19.0120	4.4877
15	3	7	579	579	579	4071999.0000	0.1899	0.1897	567.0000	0.9831	0.9829	136423.0000	0.9501	0.9594	3094.7006	N/A	N/A	96189.0000	10.2502	3.9839	519.0000	0.9571	0.9513	59695.6026	25.5283	6.2857	854870701.0000	0.2767	0.2767	48898.2006	17.0807	4.0318
16	4	5	579	579	579	2911215.0000	0.1357	0.1356	493.0000	0.8548	0.8546	59501.0000	0.4144	0.4185	212.4492	N/A	N/A	5617.0000	0.5986	0.2326	431.0000	0.7948	0.7900	2110.8219	0.9027	0.2223	756247131.0000	0.2448	0.2448	2649.1550	0.9254	0.2184
17	4	6	579	579	579	10817557.0000	0.5044	0.5039	553.0000	0.9588	0.9586	108865.0000	0.7581	0.7656	6197.5644	N/A	N/A	10216.0000	1.0886	0.4231	508.0000	0.9368	0.9311	4994.1548	2.1357	0.5259	1420016430.0000	0.4596	0.4596	2781.4291	0.9716	0.2293
18	4	7	579	579	579	4268809.0000	0.1990	0.1989	561.0000	0.9727	0.9725	89502.0000	0.6233	0.6295	204.7800	N/A	N/A	11576.0000	1.2336	0.4795	479.0000	0.8833	0.8780	4757.3778	2.0345	0.5009	934375041.0000	0.3024	0.3024	5945.5038	2.0768	0.4902
19	5	6	579	579	579	10948998.0000	0.5105	0.5100	564.0000	0.9779	0.9777	112382.0000	0.7826	0.7904	6331.8562	N/A	N/A	7323.0000	0.7804	0.3033	507.0000	0.9350	0.9293	2995.2888	1.2809	0.3154	1544239310.0000	0.4998	0.4998	1991.7686	0.6957	0.1642
20	5	7	579	579	579	3727522.0000	0.1738	0.1736	562.0000	0.9744	0.9742	80913.0000	0.5635	0.5690	108.2104	N/A	N/A	14623.0000	1.5583	0.6057	458.0000	0.8446	0.8395	6680.5510	2.8569	0.7034	743341147.0000	0.2406	0.2406	6683.6233	2.3347	0.5511
21	6	7	579	579	579	11134081.0000	0.5192	0.5187	545.0000	0.9449	0.9447	113214.0000	0.7884	0.7962	6298.7916	N/A	N/A	18124.0000	1.9313	0.7507	513.0000	0.9460	0.9403	9572.0428	4.0934	1.0079	1527206551.0000	0.4943	0.4943	7090.1855	2.4767	0.5846
---------
Summary:
Name	Avg	Std	Min	Max	Count
Triples	8621017.904761905	4811872.985565816	2911215.0	1.5954899E7	21
RFCluster(0.5)	555.4285714285714	15.986814294678723	493.0	569.0	21
MatchingPair	115985.80952380953	26918.765321609924	59501.0	153093.0	21
NodalSplittedWeighted	2561.120859251855	2450.082745741554	108.21036253246616	6406.461836216691	21
MatchingCluster	39459.23809523809	40921.06550293739	5617.0	112129.0	21
MAST	504.7142857142857	32.2905601083172	431.0	549.0	21
CopheneticL2Metric	22560.031317123514	26350.027482030062	2055.2218858313086	68940.10733963213	21
Quartet	1.4777862212380953E9	7.180288407533543E8	6.59969227E8	2.639115843E9	21
PathDiffernce	19127.519336724992	20517.27546482237	1991.7685608523898	54427.23996309201	21
