No	Tree1	Tree2	Tree1_taxa	Tree2_taxa	Common_taxa	Triples	Triples_toYuleAvg	Triples_toUnifAvg	RFCluster(0.5)	RFCluster(0.5)_toYuleAvg	RFCluster(0.5)_toUnifAvg	MatchingPair	MatchingPair_toYuleAvg	MatchingPair_toUnifAvg	NodalSplittedWeighted	NodalSplittedWeighted_toYuleAvg	NodalSplittedWeighted_toUnifAvg	MatchingCluster	MatchingCluster_toYuleAvg	MatchingCluster_toUnifAvg	MAST	MAST_toYuleAvg	MAST_toUnifAvg	CopheneticL2Metric	CopheneticL2Metric_toYuleAvg	CopheneticL2Metric_toUnifAvg	Quartet	Quartet_toYuleAvg	Quartet_toUnifAvg	PathDiffernce	PathDiffernce_toYuleAvg	PathDiffernce_toUnifAvg
1	1	2	578	578	578	10576111.0000	0.4954	0.4955	565.0000	0.9813	0.9811	137114.0000	0.9600	0.9666	2461.1524	N/A	N/A	35603.0000	3.8106	1.4812	524.0000	0.9680	0.9622	21576.1477	9.2106	2.2466	2202008168.0000	0.7177	0.7177	12625.8085	4.4494	1.0427
2	1	3	578	578	578	10621521.0000	0.4975	0.4976	566.0000	0.9830	0.9828	119073.0000	0.8336	0.8394	1946.0627	N/A	N/A	45939.0000	4.9169	1.9112	521.0000	0.9625	0.9567	28713.8821	12.2576	2.9898	2192774843.0000	0.7147	0.7147	30674.3708	10.8097	2.5333
3	1	4	578	578	578	11389701.0000	0.5335	0.5336	567.0000	0.9848	0.9846	140323.0000	0.9824	0.9892	2627.0611	N/A	N/A	46713.0000	4.9997	1.9434	525.0000	0.9699	0.9640	27906.5774	11.9129	2.9057	2283887702.0000	0.7444	0.7444	16632.4697	5.8613	1.3736
4	1	5	578	578	578	11708915.0000	0.5484	0.5486	567.0000	0.9848	0.9846	144816.0000	1.0139	1.0209	2764.7900	N/A	N/A	49567.0000	5.3052	2.0621	529.0000	0.9773	0.9714	29768.8907	12.7079	3.0997	2301085203.0000	0.7500	0.7500	17583.5225	6.1965	1.4522
5	1	6	578	578	578	20701994.0000	0.9696	0.9699	566.0000	0.9830	0.9828	141562.0000	0.9911	0.9979	5104.7958	N/A	N/A	52932.0000	5.6653	2.2021	547.0000	1.0105	1.0044	32492.3015	13.8705	3.3832	2609123150.0000	0.8504	0.8504	17664.6117	6.2251	1.4589
6	1	7	578	578	578	11265093.0000	0.5276	0.5278	568.0000	0.9865	0.9863	138216.0000	0.9677	0.9743	2723.8295	N/A	N/A	39617.0000	4.2402	1.6482	523.0000	0.9662	0.9603	23570.9846	10.0621	2.4543	2256541576.0000	0.7354	0.7355	13881.0350	4.8917	1.1464
7	2	3	578	578	578	3454200.0000	0.1618	0.1618	549.0000	0.9535	0.9533	122148.0000	0.8552	0.8611	2378.1649	N/A	N/A	71226.0000	7.6233	2.9632	485.0000	0.8960	0.8906	44277.1596	18.9013	4.6103	684906166.0000	0.2232	0.2232	32385.6184	11.4128	2.6747
8	2	4	578	578	578	3447306.0000	0.1615	0.1615	543.0000	0.9431	0.9429	71956.0000	0.5038	0.5072	255.6541	N/A	N/A	16034.0000	1.7161	0.6671	451.0000	0.8332	0.8281	7463.2514	3.1860	0.7771	776548332.0000	0.2531	0.2531	9756.2227	3.4381	0.8057
9	2	5	578	578	578	3988926.0000	0.1868	0.1869	543.0000	0.9431	0.9429	80557.0000	0.5640	0.5679	395.2560	N/A	N/A	19002.0000	2.0338	0.7905	456.0000	0.8424	0.8373	9323.0208	3.9799	0.9707	788529035.0000	0.2570	0.2570	10785.9500	3.8010	0.8908
10	2	6	578	578	578	16820442.0000	0.7878	0.7880	554.0000	0.9622	0.9620	127200.0000	0.8905	0.8967	6238.6666	N/A	N/A	22593.0000	2.4181	0.9399	522.0000	0.9643	0.9585	12132.2707	5.1791	1.2633	1668851944.0000	0.5439	0.5439	10756.3834	3.7906	0.8883
11	2	7	578	578	578	3353911.0000	0.1571	0.1571	563.0000	0.9778	0.9776	77140.0000	0.5401	0.5438	358.3567	N/A	N/A	9960.0000	1.0660	0.4144	472.0000	0.8720	0.8667	3242.2586	1.3841	0.3376	668471940.0000	0.2179	0.2179	6665.6916	2.3490	0.5505
12	3	4	578	578	578	3538990.0000	0.1658	0.1658	558.0000	0.9692	0.9690	132248.0000	0.9259	0.9323	2539.6982	N/A	N/A	84738.0000	9.0695	3.5253	500.0000	0.9237	0.9181	51444.1209	21.9608	5.3566	871854582.0000	0.2842	0.2842	40375.8209	14.2286	3.3346
13	3	5	578	578	578	3738162.0000	0.1751	0.1751	549.0000	0.9535	0.9533	139746.0000	0.9784	0.9851	2713.8810	N/A	N/A	88044.0000	9.4234	3.6628	517.0000	0.9551	0.9493	53367.7709	22.7820	5.5569	815244193.0000	0.2657	0.2657	41433.6112	14.6013	3.4219
14	3	6	578	578	578	18317154.0000	0.8579	0.8582	562.0000	0.9761	0.9759	154523.0000	1.0818	1.0893	5044.6404	N/A	N/A	91639.0000	9.8081	3.8124	545.0000	1.0068	1.0007	56211.3798	23.9959	5.8529	1916685484.0000	0.6247	0.6247	41663.9137	14.6825	3.4409
15	3	7	578	578	578	3541120.0000	0.1659	0.1659	562.0000	0.9761	0.9759	128675.0000	0.9009	0.9071	2661.7457	N/A	N/A	76134.0000	8.1486	3.1674	509.0000	0.9403	0.9346	46738.1164	19.9519	4.8666	739262912.0000	0.2409	0.2409	36138.0460	12.7352	2.9846
16	4	5	578	578	578	2893382.0000	0.1355	0.1356	493.0000	0.8563	0.8561	57672.0000	0.4038	0.4066	211.4020	N/A	N/A	5548.0000	0.5938	0.2308	428.0000	0.7907	0.7859	2085.7366	0.8904	0.2172	743904292.0000	0.2425	0.2425	2581.5631	0.9098	0.2132
17	4	6	578	578	578	16408193.0000	0.7685	0.7687	556.0000	0.9657	0.9655	118725.0000	0.8312	0.8369	6388.2885	N/A	N/A	9901.0000	1.0597	0.4119	512.0000	0.9459	0.9401	4938.6164	2.1082	0.5142	1628739543.0000	0.5308	0.5309	2640.1123	0.9304	0.2180
18	4	7	578	578	578	3600733.0000	0.1687	0.1687	559.0000	0.9709	0.9707	85624.0000	0.5995	0.6036	202.8811	N/A	N/A	11784.0000	1.2612	0.4902	473.0000	0.8738	0.8685	4888.7126	2.0869	0.5090	780491410.0000	0.2544	0.2544	5975.1110	2.1056	0.4935
19	5	6	578	578	578	15733475.0000	0.7369	0.7371	564.0000	0.9796	0.9794	113591.0000	0.7953	0.8007	6514.7231	N/A	N/A	7093.0000	0.7592	0.2951	510.0000	0.9422	0.9365	2979.6498	1.2720	0.3103	1532788248.0000	0.4996	0.4996	2040.3973	0.7190	0.1685
20	5	7	578	578	578	3388570.0000	0.1587	0.1588	563.0000	0.9778	0.9776	78656.0000	0.5507	0.5545	108.3688	N/A	N/A	14726.0000	1.5761	0.6126	462.0000	0.8535	0.8483	6799.8415	2.9028	0.7080	679075376.0000	0.2213	0.2213	6684.4973	2.3556	0.5521
21	6	7	578	578	578	16179901.0000	0.7578	0.7580	544.0000	0.9448	0.9446	117009.0000	0.8192	0.8248	6483.0622	N/A	N/A	17947.0000	1.9209	0.7466	521.0000	0.9625	0.9567	9654.8578	4.1215	1.0053	1492113721.0000	0.4863	0.4863	6937.2353	2.4447	0.5729
---------
Summary:
Name	Avg	Std	Min	Max	Count
Triples	9269895.238095239	6024782.35431527	2893382.0	2.0701994E7	21
RFCluster(0.5)	555.2857142857143	16.11903003445485	493.0	568.0	21
MatchingPair	115551.14285714286	27684.95657226435	57672.0	154523.0	21
NodalSplittedWeighted	2862.975276709528	2208.1411353950634	108.36880053966027	6514.723080585366	21
MatchingCluster	38892.380952380954	28374.66250602931	5548.0	91639.0	21
MAST	501.5238095238095	31.95177772477228	428.0	547.0	21
CopheneticL2Metric	22836.93084727086	18146.018633267005	2085.7365605464174	56211.37979982345	21
Quartet	1.4110898961904762E9	6.788008248973732E8	6.6847194E8	2.60912315E9	21
PathDiffernce	17422.95202266778	13401.676190707585	2040.3972652402767	41663.91370238759	21
