No	Tree1	Tree2	Tree1_taxa	Tree2_taxa	Common_taxa	Triples	Triples_toYuleAvg	Triples_toUnifAvg	RFCluster(0.5)	RFCluster(0.5)_toYuleAvg	RFCluster(0.5)_toUnifAvg	MatchingPair	MatchingPair_toYuleAvg	MatchingPair_toUnifAvg	NodalSplittedWeighted	NodalSplittedWeighted_toYuleAvg	NodalSplittedWeighted_toUnifAvg	MatchingCluster	MatchingCluster_toYuleAvg	MatchingCluster_toUnifAvg	MAST	MAST_toYuleAvg	MAST_toUnifAvg	CopheneticL2Metric	CopheneticL2Metric_toYuleAvg	CopheneticL2Metric_toUnifAvg	Quartet	Quartet_toYuleAvg	Quartet_toUnifAvg	PathDiffernce	PathDiffernce_toYuleAvg	PathDiffernce_toUnifAvg
1	1	2	588	588	588	10068913.0000	0.4479	0.4479	577.0000	0.9850	0.9849	137762.0000	0.9315	0.9401	2983.4401	N/A	N/A	37167.0000	3.8855	1.5165	529.0000	0.9600	0.9543	22946.2360	9.7427	2.2991	2211220569.0000	0.6728	0.6727	13558.7492	4.6825	1.0797
2	1	3	588	588	588	9991471.0000	0.4444	0.4444	580.0000	0.9902	0.9900	123161.0000	0.8328	0.8405	2267.1224	N/A	N/A	70876.0000	7.4094	2.8919	531.0000	0.9636	0.9579	43874.2415	18.6286	4.3959	2176673316.0000	0.6623	0.6622	44341.3924	15.3134	3.5310
3	1	4	588	588	588	10909927.0000	0.4853	0.4853	578.0000	0.9867	0.9866	141396.0000	0.9561	0.9649	3144.9704	N/A	N/A	48982.0000	5.1206	1.9986	530.0000	0.9618	0.9561	29600.6615	12.5681	2.9658	2305246320.0000	0.7015	0.7013	17965.2202	6.2043	1.4306
4	1	5	588	588	588	11197569.0000	0.4981	0.4981	579.0000	0.9884	0.9883	145433.0000	0.9833	0.9925	3321.9725	N/A	N/A	51891.0000	5.4247	2.1173	535.0000	0.9709	0.9651	31460.1265	13.3577	3.1521	2316211797.0000	0.7048	0.7047	19003.5683	6.5629	1.5133
5	1	6	588	588	588	16596529.0000	0.7382	0.7382	576.0000	0.9833	0.9832	147969.0000	1.0005	1.0098	4975.4077	N/A	N/A	55510.0000	5.8031	2.2650	554.0000	1.0053	0.9994	34260.3946	14.5466	3.4327	2696337180.0000	0.8205	0.8203	19143.7837	6.6113	1.5245
6	1	7	588	588	588	11054667.0000	0.4917	0.4917	580.0000	0.9902	0.9900	137665.0000	0.9308	0.9395	3270.8248	N/A	N/A	41984.0000	4.3890	1.7131	531.0000	0.9636	0.9579	25438.0991	10.8008	2.5487	2318862537.0000	0.7056	0.7055	15100.8351	5.2151	1.2025
7	2	3	588	588	588	3303958.0000	0.1470	0.1470	570.0000	0.9731	0.9730	135038.0000	0.9131	0.9215	3247.0005	N/A	N/A	99045.0000	10.3542	4.0413	504.0000	0.9146	0.9092	61707.6797	26.2005	6.1827	705084241.0000	0.2145	0.2145	48071.3762	16.6015	3.8281
8	2	4	588	588	588	3471208.0000	0.1544	0.1544	552.0000	0.9424	0.9422	75361.0000	0.5096	0.5143	272.0466	N/A	N/A	16425.0000	1.7171	0.6702	461.0000	0.8366	0.8316	7740.0154	3.2863	0.7755	812324813.0000	0.2472	0.2471	9905.4442	3.4209	0.7888
9	2	5	588	588	588	3955656.0000	0.1760	0.1760	551.0000	0.9406	0.9405	83955.0000	0.5677	0.5729	431.9398	N/A	N/A	19416.0000	2.0298	0.7922	462.0000	0.8384	0.8335	9600.9879	4.0765	0.9620	818739516.0000	0.2491	0.2491	11045.6585	3.8146	0.8796
10	2	6	588	588	588	12049748.0000	0.5360	0.5360	565.0000	0.9645	0.9644	131183.0000	0.8870	0.8952	6253.4265	N/A	N/A	23285.0000	2.4342	0.9501	538.0000	0.9763	0.9706	12433.7291	5.2792	1.2458	1711247930.0000	0.5207	0.5206	11108.4744	3.8363	0.8846
11	2	7	588	588	588	3889221.0000	0.1730	0.1730	571.0000	0.9748	0.9747	84904.0000	0.5741	0.5794	388.5475	N/A	N/A	10561.0000	1.1041	0.4309	486.0000	0.8819	0.8767	3682.7163	1.5636	0.3690	813035353.0000	0.2474	0.2474	6940.9688	2.3971	0.5527
12	3	4	588	588	588	3995990.0000	0.1777	0.1777	572.0000	0.9765	0.9764	148259.0000	1.0025	1.0118	3414.6372	N/A	N/A	113154.0000	11.8292	4.6170	526.0000	0.9545	0.9489	69206.7481	29.3845	6.9341	955258368.0000	0.2907	0.2906	56356.4154	19.4628	4.4878
13	3	5	588	588	588	4064124.0000	0.1808	0.1808	571.0000	0.9748	0.9747	152628.0000	1.0320	1.0416	3623.2328	N/A	N/A	116585.0000	12.1879	4.7570	540.0000	0.9799	0.9742	71111.7202	30.1933	7.1250	888300105.0000	0.2703	0.2703	57565.3467	19.8803	4.5841
14	3	6	588	588	588	13371103.0000	0.5948	0.5948	577.0000	0.9850	0.9849	158370.0000	1.0708	1.0808	4733.0092	N/A	N/A	120356.0000	12.5821	4.9108	556.0000	1.0090	1.0030	73948.0528	31.3976	7.4092	1979028295.0000	0.6022	0.6021	57831.6654	19.9723	4.6053
15	3	7	588	588	588	3955117.0000	0.1759	0.1759	578.0000	0.9867	0.9866	141928.0000	0.9597	0.9686	3563.2859	N/A	N/A	104600.0000	10.9350	4.2679	532.0000	0.9654	0.9597	64722.4784	27.4805	6.4848	895747190.0000	0.2726	0.2725	52138.5719	18.0061	4.1519
16	4	5	588	588	588	2814636.0000	0.1252	0.1252	495.0000	0.8450	0.8449	57478.0000	0.3886	0.3922	251.3296	N/A	N/A	5561.0000	0.5814	0.2269	433.0000	0.7858	0.7811	2073.7700	0.8805	0.2078	759355722.0000	0.2311	0.2310	2654.8572	0.9169	0.2114
17	4	6	588	588	588	11479962.0000	0.5106	0.5106	567.0000	0.9680	0.9678	121517.0000	0.8216	0.8293	6410.3170	N/A	N/A	10202.0000	1.0665	0.4163	516.0000	0.9364	0.9309	4979.5131	2.1143	0.4989	1662925152.0000	0.5060	0.5059	2762.9823	0.9542	0.2200
18	4	7	588	588	588	4148168.0000	0.1845	0.1845	570.0000	0.9731	0.9730	86418.0000	0.5843	0.5897	234.3751	N/A	N/A	11534.0000	1.2058	0.4706	477.0000	0.8656	0.8605	4675.6723	1.9852	0.4685	930300088.0000	0.2831	0.2830	6073.7030	2.0976	0.4837
19	5	6	588	588	588	10842391.0000	0.4823	0.4823	573.0000	0.9782	0.9781	116225.0000	0.7859	0.7932	6565.5027	N/A	N/A	7395.0000	0.7731	0.3017	518.0000	0.9400	0.9345	3010.1301	1.2781	0.3016	1558864642.0000	0.4743	0.4743	2051.4356	0.7085	0.1634
20	5	7	588	588	588	3717941.0000	0.1654	0.1654	574.0000	0.9799	0.9798	79850.0000	0.5399	0.5449	119.8075	N/A	N/A	14475.0000	1.5132	0.5906	470.0000	0.8529	0.8479	6566.9097	2.7882	0.6580	786157901.0000	0.2392	0.2392	6865.9446	2.3712	0.5468
21	6	7	588	588	588	11088317.0000	0.4932	0.4932	550.0000	0.9389	0.9388	119417.0000	0.8074	0.8149	6525.8673	N/A	N/A	17934.0000	1.8748	0.7318	519.0000	0.9418	0.9363	9465.2051	4.0188	0.9484	1523800168.0000	0.4637	0.4636	7186.2554	2.4818	0.5723
---------
Summary:
Name	Avg	Std	Min	Max	Count
Triples	7903172.19047619	4190192.898407101	2814636.0	1.6596529E7	21
RFCluster(0.5)	566.952380952381	18.417062974772772	495.0	580.0	21
MatchingPair	120281.76190476191	29178.829920247626	57478.0	158370.0	21
NodalSplittedWeighted	3142.764913781849	2180.726358289535	119.80747922192285	6565.502651990161	21
MatchingCluster	47473.23809523809	39520.78524969911	5561.0	120356.0	21
MAST	511.8095238095238	32.94384695438938	433.0	556.0	21
CopheneticL2Metric	28214.527963607317	25114.61346896628	2073.7699968897227	73948.05282088231	21
Quartet	1.4678438668095238E9	6.590977777858126E8	7.05084241E8	2.69633718E9	21
PathDiffernce	22270.126112956525	20027.531206974694	2051.435594894463	57831.66540053987	21
